20
32.371881476493684
0.81390332756363 0.35742946609189796
0.8933711086410022 0.8694840628334207
0.941552669082522 0.04233911274588831
0.7203254713250534 0.7065911312543348
0.35986658924257753 0.4866633343564195
0.12928130163495588 0.46154775330086595
0.5466455234791523 0.8318541209077921
0.5155318041738423 0.13506558422194703
0.15130489305148487 0.16484217456965666
0.11375045937837325 0.23701840714070221
0.5978249372009966 0.8173047615547783
0.4844923142751487 0.7494469399333544
0.4298778682578408 0.5666642643008518
0.11257714877702762 0.25565255366291206
0.2832941346138863 0.6964892270890642
0.31355266050838815 0.10174372475957993
0.344663426488216 0.605415510742176
0.9461924522919443 0.6415687539035887
0.03474805841550588 0.541400473499989
0.1369924273338069 0.4567892251413531
