14
0.0
0.8505185237940085 0.5563827665390194
0.02034734644765923 0.159824061058079
0.9141756581549526 0.9893825988370557
0.7965005439714029 0.9213781967381209
0.5110577941692316 0.5963916669001637
0.8742689283655978 0.6019385324979273
0.38173221058838247 0.7617000958568272
0.4832573732505676 0.9364782178065845
0.6961368605692397 0.5703531943577962
0.27761525079219374 0.8427240044863388
0.6683961518476121 0.47960316356105614
0.44268170997585865 0.8179464797613738
0.6904594353470137 0.6527766082706296
0.13895002919161425 0.29188244329163404
